# config.yaml
id_10: # Rectangle box
  # -- Vision Config --
  tag_size_m: 0.05
  calculation_method: "tag_relative"
  offset_quat: [-0.5, 0.5, 0.5, 0.5]
  offset_quat_grasp: [-0.298, 0.298, 0.64, 0.64]
  # Các điểm này nằm trong hệ tọa độ của TAG
  center_tag_m: [0.0, 0.0, 0.0]
  pre_left_tag_m: [0.25, 0.0, -0.02]
  pre_right_tag_m: [-0.25, 0.0, -0.02]
  left_tag_m: [0.16, 0.02, 0.0]
  right_tag_m: [-0.16, 0.02, 0.0]

  # -- Control Config --
  csv_file: "rectangle.csv"
  lift_joints_left: [-0.4866417724857978, -0.4137858081841404, 0.4247295323536645, 1.5554793789156216, -0.45994551878526213, 0.37953847048008904, 1.1582505695875869,]
  lift_joints_right: [0.4866417724857978, 0.4137858081841404, -0.4247295323536645, 1.5554793789156216, 0.45994551878526213, -0.37953847048008904, -1.1582505695875869]

  obstacle_type: "BOX"
  obstacle_dim: [0.03, 0.15, 0.15]
  obstacle_z_offset: -0.02
  obstacle_quat: [0.0, 0.0, 0.0, 1.0]

  # -- Hand Control Config --
  close_pose: [ 0.0, 0.0, 0.4, 0.5, 0.6, 0.7 ]
  open_after_reverse_segment: 4

id_other: # Cylinder box
  # -- Vision Config --
  tag_size_m: 0.025
  calculation_method: "fixed_orientation"
  fixed_quat: [0.71, 0.0, 0.71, 0.0] # x, y, z, w
  fixed_quat_left_grasp: [0.706434,  0.030844,  0.706434, -0.030844]
  fixed_quat_right_grasp: [0.706434,  -0.030844,  0.706434, 0.030844]


  # Chỉ có tâm là ở TAG Frame
  center_tag_m: [0.0, 0.05, 0.0]
  # Các offset này áp dụng trong ROBOT Frame
  offset_pre_left: [-0.0, -0.10, -0.06]
  offset_pre_right: [-0.0, 0.10, -0.06]
  offset_left: [-0.0, -0.06, -0.06] #(z, y, x)
  offset_right: [-0.0, 0.06, -0.06]

  # -- Control Config --
  csv_file: "cylinder2.csv"
  lift_joints_left: [-0.3187015530781702,0.05005556047912427,0.4810975456334829,1.545392315359395,0.06684157338062917,0.5635572086353758,0.34124402728261066,
]
  lift_joints_right: [0.3187015530781702,-0.05005556047912427,-0.4810975456334829,1.545392315359395,-0.06684157338062917,-0.5635572086353758,-0.34124402728261066]
  obstacle_type: "CYLINDER"
  obstacle_dim: [0.10, 0.03]
  obstacle_x_offset: -0.05
  obstacle_z_offset: -0.05
  obstacle_quat: [0.0, 0.0, 1.0, 0.0]

  # -- Hand Control Config --
  close_pose: [ 0.0, 0.0, 0.03, 0.03, 0.03, 0.03 ]
  open_after_reverse_segment: 3